5748 3001 2009 4602 7822 7273
1859 9203 1757 2317 3468 5335
6134 3965 4944 4609 3638 3751
2411 9637 1634 3365 1049 9472
8368 3970 2623 4833 3658 197
7604 8250 1003 1596 7422 3515
1460 4134 1749 1411 4854 6667
1632 4338 2277 4600 4229 8250
8047 5166 1409 7187 3292 792
9904 9455 4712 3115 1211 3511
5939 2604 1163 4818 7537 2272
9373 2137 2062 3702 5136 3756
6044 2271 2196 6606 6306 1554
1997 1925 1842 8158 3695 7054
2263 6332 7570 1958 5998 3155
818 6859 2745 1187 8538 2899
4149 7634 7066 2026 6404 1528
3032 3926 2954 874 1362 5306
5808 779 4476 7770 6455 307
4107 7315 5221 270 3809 9798
5727 2179 5022 5773 7759 6098
40 9277 4858 8666 8006 3820
6961 8276 6394 6467 382 541
4765 8137 8362 6301 5433 3771
7258 6168 8475 1424 8605 9833
5586 1126 1336 9161 1889 4176
9874 7523 9753 2959 6261 4757
9524 8163 2318 9687 7997 1722
9197 9401 3697 6973 4980 6915
8605 3844 2985 7603 2231 2371
1973 5203 9494 5440 5643 9854
6845 5191 1582 3571 857 3384
328 2010 4945 9801 1164 4134
1891 5717 2350 9135 3740 4175
1385 7769 5514 5606 2606 6003
5782 9208 9056 1417 1866 4328
6210 9918 1851 507 9728 380
7174 8961 5424 5235 3990 1940
9273 1831 6756 3065 6854 1572
1706 3341 509 1592 5898 4702
3761 1429 7959 6391 7649 2670
7124 8493 7444 4225 1032 7021
7042 5326 9330 3524 4481 1123
7825 8530 1931 9686 9158 6195
9876 9758 2601 4295 8430 8652
6854 5252 6121 7872 9850 9681
4377 8333 6234 8314 6198 9550
862 2129 2382 3178 5957 487
7676 2352 9960 7154 6598 5366
3262 1778 1633 8683 5846 5027
7730 9926 6057 3897 7420 8289
1042 8134 2019 4959 1779 5642
905 6892 8623 8961 4727 522
1581 8271 3832 4273 2079 7525
7851 1070 7359 8283 116 6641
6927 2981 1903 7706 137 851
4838 8508 5171 5662 1404 5041
5738 7119 33 9788 3220 6152
3898 13 3186 9837 2451 1315
8975 1320 8203 3373 7177 7144
261 3795 3928 4012 9736 6225
2026 2343 9443 3276 3251 5303
9025 1389 3828 901 9543 6727
2468 4468 5670 1555 6483 5810
1613 191 7418 3304 3447 2699
6357 9926 359 6992 233 180
607 1460 3694 3666 2704 4370
1644 9644 4189 9847 2770 5837
5123 1165 1469 9668 3222 2548
1908 5530 4793 4517 5748 4082
1326 8226 6149 993 8376 964
1128 3448 3294 2193 5933 1346
2550 1765 6647 8551 8604 9512
2579 1316 1540 4913 6723 1452
3722 8255 15 8022 2399 7237
284 1847 1912 1893 7889 8641
4058 2952 6369 199 9464 2253
6091 754 6425 8909 4090 7852
3086 1162 9321 9658 7737 3387
4993 6745 5392 426 4020 4220
9236 1848 4664 6499 1071 7876
3211 2340 735 7702 9261 4323
8979 8981 6454 9872 8532 888
2731 5434 2331 4744 6861 9742
5233 8047 2443 4623 9313 8472
8403 5755 1637 7506 1929 804
6610 8217 2247 7300 3878 8037
4272 962 1771 749 6474 1522
8882 9068 7615 1721 1851 17
9917 8013 2304 2849 8047 4534
7727 3388 9108 2773 1929 3094
6939 8793 535 5627 4610 6379
4788 5514 4810 9323 361 9054
8816 9301 5239 8664 7196 7779
7318 1637 1901 8895 8446 8454
9763 1046 1920 3704 1983 9562
7892 8749 7774 5436 7322 1024
2702 3619 2833 3431 8615 7417
9181 9089 4079 6775 8051 7131
4272 7284 379 7047 6734 6899
8931 4204 3682 3355 6949 5080
4731 6809 1262 7364 9268 6292
2967 4703 4821 4434 2080 7976
4446 3154 7433 1888 8165 2209
5725 3095 6442 5798 5176 7343
9293 2710 706 2456 9664 7886
4456 9420 8856 5368 1002 8198
4472 6368 6146 7470 6791 7275
1579 2766 7830 5234 2219 8076
3473 821 5759 2244 1307 3607
2107 9631 8807 7234 2759 8241
9113 7770 7902 1438 7437 1411
5818 9239 6318 1209 5059 5214
5655 6324 673 6332 7563 308
3768 8199 6277 9250 2835 6714
6434 639 3844 6190 5486 6094
4607 3594 8204 4078 2702 3099
3795 418 3852 8958 2180 6296
2515 8289 1706 341 3779 2781
3832 1903 7317 4954 8357 8916
4395 8125 4691 7766 1574 5228
7896 8087 8762 1048 5953 3440
7847 9178 9832 4034 6669 2887
6973 8186 5441 7620 9363 5429
4013 9499 2243 7939 4975 5899
9922 1797 4886 9076 1161 2658
2608 4140 6322 661 9474 486
2492 7988 9163 3069 3153 1181
531 9722 6092 2364 8865 5646
3083 200 2952 1122 7601 4998
1655 8832 2858 6898 7986 3679
3608 4896 8336 7962 6617 7045
6361 9039 3763 4593 3119 554
480 2737 831 4306 4513 8176
3684 1160 1301 7735 832 5480
8034 397 4182 8796 366 9161
4455 30 9016 3102 2014 9574
8470 3425 6214 5759 5799 1054
3046 2987 7448 7410 2623 5639
4717 5053 5667 1693 2114 5509
5455 4024 8262 727 348 3035
866 5116 7699 7202 649 2183
6579 1115 6659 2598 4762 1049
4429 7351 6114 384 2964 5213
3672 1543 6204 1107 5006 6536
5268 9723 2988 9168 270 1007
6299 6516 2189 830 3145 736
1201 3330 1819 6265 9861 3917
2176 5803 8604 4020 5045 3449
6881 7244 4376 7505 3183 9421
654 9702 6449 2330 4516 9180
5782 9114 4785 2746 1303 4929
5618 6602 6246 3752 2363 3544
7934 5198 8778 5185 1185 3641
3462 4735 7656 2481 3842 9100
1813 6051 9781 8465 9917 3325
7165 1448 6851 1301 5697 9796
1157 1876 8721 2280 256 9169
5425 5478 1433 3558 7168 6632
8044 9356 9154 2384 312 4711
1980 3686 1160 5809 6262 3809
7442 5521 3396 2823 9106 2358
5608 4163 1133 2677 2411 8032
7775 6359 2695 3270 5239 3823
3649 75 5662 4552 754 9875
7420 8487 1689 8879 2751 1978
6506 9324 4554 8519 230 2192
2501 6177 2837 629 398 1910
9623 3376 9991 52 7295 5266
4870 4712 2353 5400 3366 2293
4023 2373 7021 5674 7882 7678
6768 3870 8844 7840 6036 6725
5686 6419 6570 95 4472 7791
852 6815 4111 5823 7367 6119
4685 165 5671 9501 8798 7716
550 564 5216 5548 7332 1703
4499 7105 989 9377 7573 9290
9955 2909 5798 4590 8799 865
7862 9382 7126 9055 3114 4934
114 7091 6193 7529 2176 6879
6146 1824 7396 5144 5847 6768
6392 8967 9800 3589 9682 9071
7451 4595 7414 9842 4188 3113
8287 539 9640 614 7272 641
4472 5491 9082 6197 1478 3754
6833 9567 9913 8242 2616 5785
7317 8657 1594 7342 8635 3890
2943 4870 9686 7968 3510 4425
6584 199 5610 3300 6765 8683
2294 2287 5230 283 5787 2549
1343 9563 1068 613 2425 3251
9743 2404 1200 605 257 216
5625 7673 4597 4512 6704 4906
5811 3601 9554 758 5957 7884
4213 9973 6842 4558 530 9498
722 6547 745 6463 2771 2381
1221 228 4012 8490 6989 6896
9917 7253 5530 9065 5571 9280
4919 9753 528 681 7840 4975
8283 4694 5430 8829 3845 3597
7954 9317 4346 3113 3272 1729
5684 2472 6265 2552 791 7385
7391 5366 9034 1638 4820 8425
147 3631 6425 8191 4781 1256
9997 1907 4460 8956 7387 7400
9787 9783 8956 2897 5107 4388
9730 4861 2154 7010 5338 5292
5160 4892 4755 2774 9827 4807
1262 4996 6548 2645 2303 3240
4469 8396 960 9877 8893 3549
1368 6380 3027 6074 3336 6961
6937 3941 1623 1904 5253 6569
742 3689 8685 5052 8396 5954
4720 5740 621 5583 1619 9806
3462 9363 2975 2750 6883 7233
4524 2351 9669 6287 3091 872
7042 7761 306 9539 4058 8095
2749 8359 463 6321 7263 8044
412 8519 8646 5632 3151 7821
5705 7011 7732 7246 8167 6728
1183 6888 2230 2105 6824 452
9737 3033 8641 8058 7204 5922
2458 4539 6248 4869 4894 6239
1190 21 8037 4189 9477 6163
1940 8230 1621 8208 5480 7250
5353 5037 4237 7189 1714 40
5396 9619 1346 4626 9436 6826
5962 7633 1320 58 9618 6785
3136 5294 4909 147 3460 4434
1183 1037 4608 1044 5560 4693
8232 3030 8987 3001 3879 4617
6417 7576 4755 4015 9888 7103
6157 1145 3042 1201 5962 7578
1799 8251 6707 9730 6136 4097
1759 4330 6130 2178 9306 785
2508 5579 9517 6709 3752 3627
27 2733 2237 3287 7649 8849
9949 2509 7645 1673 4817 2574
8337 6834 5821 2232 7220 9454
2928 4705 2950 2861 3378 7048
2283 6799 2216 5758 6889 5445
5534 7679 6249 6950 4821 8882
4205 9608 7231 15 9578 688
6825 1294 1078 7297 7850 1072
2733 3448 5250 9521 3342 2662
3695 1644 1584 914 3929 471
1771 5863 1907 6394 8733 518
4883 8512 5501 8287 9730 5243
1757 8408 5704 5196 4884 7425
6273 227 7049 3615 5555 420
3482 8898 2204 4218 5351 4402
9498 8089 1228 8621 5066 5080
2348 5627 6377 3217 8172 1445
5941 9554 8212 7884 6666 4246
3919 1434 2025 8008 3604 7646
4439 749 5090 3449 5430 46
4821 5303 2160 6452 811 815
7262 6560 4129 4777 4777 1779
8798 4824 736 4311 8924 7772
8091 5773 5273 5381 997 1785
1047 5094 6890 1006 29 3875
1938 7629 6305 281 6109 4237
8793 7482 8089 1449 2075 6532
9583 405 697 5715 6005 8302
6703 4429 5574 1599 6110 2355
3939 3829 3209 2698 269 3467
5022 8716 7793 9981 3099 793
881 4444 5063 9140 3243 2243
8835 748 2082 5342 1041 7767
9832 9041 8129 3186 7541 3117
8845 5901 263 3634 3963 1407
9959 8468 8319 6620 5663 9479
9907 9220 1719 9033 9588 8387
5937 7235 6231 7560 6381 4406
5072 1284 7390 5704 4747 3984
6243 2572 5494 4902 3238 7410
3695 3921 7229 2070 3912 1613
1577 3205 4061 400 3126 4153
2834 7317 1671 3158 4542 8755
5916 8967 9457 4569 7751 5934
3760 1363 2070 7537 9221 5324
6246 8897 9435 3732 5536 8725
6152 3571 7193 7115 6647 9410
8494 6043 5239 7268 8061 4120
4564 1638 4320 3631 5101 826
6962 148 4357 3198 1675 6136
38 527 962 3397 2237 4022
1289 2939 1441 9080 841 7242
3196 7817 2294 2004 6073 4401
778 7035 3493 2851 7329 97
2388 4843 6222 3867 2239 8323
1834 2035 5637 3054 1784 1125
4803 3697 2210 9287 2194 7166
4716 7702 6512 1083 8221 726
8484 9172 9776 7119 3642 4725
9661 8019 755 4630 3448 108
4606 227 616 9925 6187 7134
5017 745 440 9815 142 7751
3325 4833 540 7665 4536 7155
1819 939 1347 1009 3379 3971
0 0 0 0 0 0
