20
13 40
7 4
11 1
12 2
7 13
9 8
11 7
6 10
10 12
3 4
5 12
9 11
3 8
13 5
11 5
6 13
1 5
1 7
12 7
10 2
2 5
10 13
12 8
5 9
3 9
13 9
4 5
12 9
13 12
1 12
3 7
9 7
1 6
6 7
5 6
8 11
11 6
3 5
8 1
2 11
9 1
4 4
2 3
2 4
1 4
2 1
2 0
7 1
3 7
6 9
5 3
6 4
3 1
5 2
2 1
2 4
3 2
1 6
4 5
20 7
16 3
7 3
5 10
20 13
18 4
11 12
14 19
7 10
5 2
6 1
6 4
7 3
3 5
6 5
4 3
4 5
1 3
3 2
4 0
2 0
18 1
13 18
11 12
4 1
11 4
6 9
10 8
8 7
9 10
5 7
6 4
8 11
8 4
3 10
2 8
12 34
2 5
12 11
6 12
6 8
3 10
5 7
12 7
8 5
11 1
7 2
5 11
10 7
10 6
1 4
2 10
5 3
7 9
1 9
8 4
10 11
5 9
6 1
9 3
1 8
11 3
8 9
4 2
3 7
2 3
10 12
8 3
4 7
2 1
8 11
11 27
3 8
4 7
5 7
8 6
5 4
11 9
8 11
10 4
8 1
1 11
7 1
6 5
6 2
1 10
7 10
2 9
2 8
3 5
10 8
4 8
3 10
11 10
2 7
11 7
9 8
2 11
1 3
6 1
6 2
11 19
5 3
11 9
9 10
5 1
5 8
11 6
2 8
11 10
7 11
7 6
5 6
1 3
4 8
3 7
9 7
10 5
3 6
10 4
8 7
14 0
9 4
8 6
7 1
6 7
5 2
10 14
4 1
9 10
5 9
4 6
4 8
5 6
3 8
2 5
4 10
7 6
6 9
3 1
5 7
10 2
8 10
7 2
2 3
7 6
2 4
1 3
5 7
7 3
1 2
2 6
1 5
99 2465
8 91
98 17
57 87
76 10
98 8
23 25
83 34
15 23
40 61
44 19
2 6
83 23
20 51
72 87
40 55
2 12
33 77
46 92
89 63
74 4
85 4
56 2
3 74
77 81
65 72
25 67
13 44
80 73
32 91
62 76
33 16
80 28
30 66
81 4
7 65
67 45
84 82
23 91
76 53
51 5
48 70
2 71
23 99
14 92
59 83
80 56
49 91
52 73
77 78
49 45
21 82
12 45
40 56
44 34
69 20
38 59
47 36
19 12
55 54
35 95
42 80
35 26
42 6
10 16
28 64
57 6
33 39
40 94
60 79
80 30
82 64
34 57
87 55
13 63
64 38
6 45
27 82
89 39
32 49
53 8
31 50
65 62
22 93
9 98
8 44
20 34
38 15
59 58
84 67
88 54
3 83
44 43
66 48
75 65
58 82
33 54
2 99
62 28
28 29
48 33
20 55
59 28
12 86
51 99
92 15
85 49
23 67
11 7
11 64
69 81
60 37
16 41
9 79
1 95
44 73
46 41
81 82
71 80
43 55
21 94
29 62
80 72
31 17
63 44
12 54
81 18
29 2
19 98
8 69
5 13
67 27
30 17
57 60
91 5
47 12
12 38
51 38
59 72
75 93
44 22
77 93
65 33
65 30
70 67
97 68
26 10
93 9
22 74
54 52
70 82
69 62
37 9
63 64
9 59
3 71
81 10
4 86
44 77
66 5
30 31
19 89
10 91
86 59
79 10
94 97
12 83
17 92
82 68
18 65
22 84
64 65
76 3
97 83
89 92
90 91
28 47
24 95
22 94
42 66
63 26
17 75
67 78
17 23
68 18
74 79
5 2
20 46
42 64
72 53
30 72
95 67
23 69
13 17
42 3
69 42
16 98
35 63
11 45
70 94
31 16
64 5
80 26
71 69
63 53
18 94
39 31
21 75
41 34
96 33
32 29
87 4
54 8
5 61
51 91
69 51
33 83
12 29
36 73
1 52
1 58
62 55
31 24
41 51
18 25
47 70
19 36
74 54
75 82
30 4
27 28
85 25
43 81
71 28
28 95
98 32
76 90
49 89
13 64
43 86
71 6
79 35
92 76
14 48
29 31
93 15
57 44
6 32
61 16
62 80
29 73
55 15
62 16
97 34
72 28
63 25
99 20
74 15
54 37
5 35
26 82
3 6
6 73
19 15
47 22
59 11
45 33
2 54
3 67
12 48
84 7
27 13
36 33
97 96
67 89
43 87
60 70
43 49
51 48
47 67
59 48
34 71
87 62
39 43
61 42
3 82
8 67
81 30
87 81
64 8
66 89
86 62
29 24
75 95
3 32
50 22
41 24
92 53
28 89
54 40
86 31
96 64
86 21
4 27
73 28
27 90
76 12
90 48
42 38
84 46
1 15
77 7
27 14
58 31
28 84
26 47
25 52
14 50
17 6
15 44
55 81
22 73
15 58
78 45
90 49
66 56
89 33
25 9
97 1
61 82
49 46
87 44
58 47
80 68
91 92
26 89
74 63
12 58
50 38
44 79
32 77
18 61
12 34
11 95
26 97
29 96
6 20
67 83
38 19
42 60
58 42
66 4
79 77
28 3
10 51
49 23
31 76
88 58
82 29
37 51
7 72
89 75
27 29
82 22
9 69
63 72
79 31
16 73
67 80
14 62
41 81
39 79
11 83
27 55
86 45
6 75
5 73
71 93
68 1
74 72
3 13
53 5
71 11
19 2
29 69
65 96
93 63
41 52
48 50
5 8
57 20
86 76
33 24
97 48
32 97
81 88
97 92
21 47
17 76
30 88
28 99
48 87
34 3
17 52
12 7
56 49
62 73
69 65
29 53
52 8
75 81
74 71
12 60
27 77
86 7
61 10
63 10
55 14
60 48
42 25
36 30
43 4
75 87
99 84
18 22
55 80
17 85
66 93
33 1
44 24
63 20
60 41
59 55
37 13
82 17
16 53
4 64
62 34
55 2
83 87
72 66
7 90
56 7
90 71
81 74
97 20
62 97
52 87
41 22
71 65
94 52
10 6
48 6
69 15
31 7
50 94
6 25
36 35
45 23
14 71
95 72
9 96
82 18
86 85
56 63
44 85
83 44
7 42
77 15
12 68
65 3
99 60
1 73
38 78
8 58
49 14
88 48
30 23
36 62
55 29
91 82
21 20
70 51
31 5
2 88
8 7
18 69
82 37
30 70
26 69
88 68
22 16
64 76
2 32
7 52
43 77
29 88
28 21
21 51
79 33
51 4
87 7
52 81
97 77
8 21
61 66
8 40
67 49
27 9
7 22
39 22
74 47
66 44
39 60
69 12
39 24
11 5
98 39
32 5
3 51
3 20
78 39
1 92
11 49
67 53
27 11
46 21
46 53
96 24
47 93
35 57
58 64
87 11
1 45
61 33
51 2
63 83
73 12
45 66
32 87
71 18
83 64
45 87
25 2
99 64
24 67
65 6
43 91
15 88
16 89
90 57
30 55
91 77
33 2
7 18
13 20
57 96
41 45
64 51
39 63
6 15
32 31
55 5
99 45
92 84
3 21
81 23
31 57
81 14
35 37
92 7
15 17
1 94
80 87
48 75
36 99
23 46
58 93
61 68
30 92
26 94
53 77
65 85
9 2
76 83
33 86
3 99
30 68
2 43
88 71
88 47
17 63
54 70
13 65
97 39
61 65
19 85
62 71
50 6
2 53
62 91
58 5
42 95
72 64
62 96
61 43
86 61
62 93
32 86
70 3
10 95
89 52
40 45
7 60
19 34
73 71
69 74
37 95
81 67
63 52
71 1
43 48
88 93
70 11
23 66
5 59
56 54
65 91
60 96
8 92
78 84
26 21
77 46
37 90
5 42
36 55
96 13
16 13
56 98
54 28
63 24
52 59
82 65
84 49
47 9
67 37
31 73
80 34
51 94
39 68
58 61
67 75
97 38
16 81
28 7
26 93
21 98
61 52
45 27
75 35
79 7
47 20
99 32
91 24
38 36
54 81
29 7
26 92
82 83
95 82
45 55
94 38
88 4
84 95
52 39
62 37
96 19
16 59
20 35
41 87
28 78
3 44
64 59
77 26
2 23
54 35
32 44
35 49
22 83
35 45
41 84
5 62
69 10
77 71
93 12
46 3
21 40
22 69
94 53
63 62
17 83
84 52
18 34
31 53
9 33
49 22
4 18
19 40
86 73
43 31
3 14
38 41
6 84
63 49
37 64
11 69
20 58
53 52
5 92
23 92
12 92
78 58
16 66
14 41
88 16
68 44
40 18
83 54
43 15
83 16
5 88
78 22
73 55
81 93
30 37
10 47
16 26
15 33
2 80
68 31
8 57
87 71
47 11
46 79
75 90
36 81
86 36
22 85
58 66
2 21
62 7
44 99
74 44
33 68
2 46
78 80
19 95
52 48
47 97
46 40
80 76
10 25
17 42
31 40
19 39
70 98
20 36
40 83
99 98
96 58
6 77
31 26
93 73
96 82
78 44
5 87
85 26
58 75
71 5
62 25
66 46
21 62
54 15
25 82
38 17
48 71
19 29
59 66
50 45
21 81
39 20
70 78
74 27
27 86
12 70
24 14
40 97
31 63
67 57
55 90
87 12
37 73
19 74
86 30
52 85
55 22
94 10
56 17
86 91
33 30
92 52
96 61
85 81
91 58
46 94
44 70
45 83
68 99
10 11
66 15
48 10
50 11
60 34
89 4
75 22
44 49
7 32
82 62
40 57
5 3
5 12
17 84
5 68
45 7
32 96
66 50
80 36
83 15
65 98
4 19
67 10
78 32
82 35
31 59
80 58
9 61
9 13
65 21
16 7
85 3
80 12
85 92
79 88
55 50
28 66
19 9
74 12
16 25
55 94
85 73
25 36
89 97
91 45
2 17
52 77
65 54
97 86
23 27
42 34
14 1
63 28
89 6
65 45
2 91
39 77
44 71
36 83
16 20
69 32
54 84
76 24
57 99
53 27
51 85
76 97
50 76
13 81
64 47
22 46
13 31
91 63
62 68
78 98
60 27
73 38
56 16
36 50
86 94
77 75
56 26
6 22
40 24
63 18
69 45
97 58
3 95
86 78
48 99
4 72
29 25
21 89
27 17
9 73
33 76
12 23
80 97
18 16
56 76
60 63
51 50
37 83
60 54
64 88
55 11
59 7
41 74
33 53
35 52
75 12
56 23
38 68
60 24
8 72
54 47
89 96
29 77
90 81
42 41
20 91
41 82
10 22
70 14
20 68
36 7
39 94
54 69
85 34
24 73
40 73
97 3
89 32
58 85
42 98
99 91
90 21
28 50
15 20
49 93
45 25
50 29
45 34
30 24
91 26
10 68
62 48
84 60
60 23
91 97
65 27
40 62
80 86
7 26
60 44
91 35
31 93
42 31
78 51
72 25
71 56
52 50
41 85
59 99
77 47
15 89
84 94
40 81
39 53
58 23
19 45
61 4
78 14
54 89
83 7
63 21
84 13
57 94
36 51
68 28
81 65
55 53
2 73
79 87
67 34
85 39
34 76
51 93
91 3
89 93
75 15
54 53
21 58
8 25
83 95
34 23
14 42
84 31
53 58
68 65
82 38
46 64
93 92
95 2
89 82
69 14
47 73
30 2
70 13
97 13
3 68
15 48
65 90
65 9
3 98
20 24
44 1
53 12
90 29
1 74
90 79
54 99
36 91
69 94
76 93
48 67
18 39
10 8
15 45
42 91
87 85
96 23
37 79
36 27
85 40
47 69
48 84
61 99
19 92
15 41
29 40
39 8
1 50
29 23
45 60
81 11
5 22
89 94
89 56
59 30
84 40
55 26
27 46
48 94
39 38
50 99
88 83
62 75
90 74
56 6
65 37
6 5
92 21
75 44
94 27
6 47
5 40
3 15
66 31
92 77
56 42
44 35
52 91
57 47
77 21
25 94
74 80
44 27
91 4
54 5
36 16
75 24
44 41
40 2
5 97
32 51
99 92
79 30
75 85
58 99
63 79
19 31
28 24
95 22
56 43
22 25
82 54
7 2
91 16
16 51
7 6
66 99
80 99
72 73
82 28
11 13
11 32
70 4
4 84
52 30
78 81
72 37
70 87
21 36
10 9
89 35
50 62
48 32
1 27
90 51
17 62
64 54
16 82
5 41
10 90
66 54
3 80
87 51
47 96
47 75
39 81
14 96
10 40
43 76
93 52
68 86
64 32
63 67
17 47
46 28
13 56
57 84
92 41
83 79
15 53
51 27
82 7
28 45
53 88
3 86
91 22
83 94
23 14
93 87
11 17
33 90
62 6
81 95
55 58
31 12
32 93
74 70
81 38
57 39
78 7
60 38
33 80
38 70
19 17
11 99
16 60
72 70
50 25
70 35
31 1
89 3
71 49
18 27
69 46
43 46
7 46
10 64
3 31
64 66
67 92
44 25
20 26
64 30
1 25
46 9
55 31
32 19
61 84
48 1
94 5
35 62
73 8
33 34
64 44
93 45
53 71
25 61
9 57
65 87
20 41
31 14
96 20
12 95
38 7
41 93
18 43
92 59
61 95
46 65
92 18
18 98
63 2
6 43
96 26
51 52
10 53
34 86
64 61
19 28
72 36
2 39
74 93
70 91
63 58
20 83
54 77
65 57
70 34
95 8
46 88
58 86
82 47
57 33
68 23
15 28
24 26
97 4
5 37
5 98
52 31
65 48
23 22
85 64
39 96
77 5
28 18
27 25
80 7
43 53
85 13
48 29
1 90
61 74
37 88
80 92
41 39
81 8
56 51
33 66
33 51
76 55
23 84
64 6
34 69
50 30
92 22
57 74
50 3
98 49
50 80
96 92
59 49
47 14
85 60
6 44
41 89
97 59
49 81
68 69
12 49
40 87
46 78
65 86
94 58
50 44
66 13
4 77
16 76
32 4
94 49
61 56
64 89
45 68
41 54
84 30
13 8
35 2
51 74
29 84
41 73
16 43
68 26
62 46
41 3
4 48
8 9
16 40
1 8
4 68
56 70
14 89
26 29
97 71
87 60
85 56
20 98
84 53
59 60
35 25
40 22
53 41
71 4
21 80
4 3
93 67
26 88
47 29
5 63
16 46
75 83
9 38
26 74
58 46
82 51
63 33
20 48
62 99
95 7
46 37
94 78
10 99
23 61
37 29
80 9
14 83
51 47
19 60
68 36
39 84
47 33
56 58
42 63
47 40
34 59
34 22
21 31
62 88
86 83
35 27
11 57
64 98
38 56
25 92
8 33
8 66
3 77
99 14
95 45
34 74
28 12
2 57
91 47
2 31
79 52
68 75
70 64
23 75
59 24
36 90
97 54
74 64
23 71
64 71
45 42
44 54
30 83
70 31
9 50
46 82
60 94
51 80
89 65
80 44
45 73
39 9
32 61
17 18
98 35
47 89
14 22
63 43
26 15
24 57
9 63
56 30
3 69
27 88
97 30
64 21
37 39
13 4
30 43
8 28
13 75
69 44
76 79
60 64
12 94
28 16
56 14
70 77
90 4
55 79
46 26
88 18
91 56
11 79
76 99
44 62
2 70
97 98
38 34
48 18
5 82
71 76
34 84
75 69
20 8
93 28
62 41
79 43
7 3
26 8
46 73
26 28
37 3
59 45
41 12
90 41
99 46
33 93
56 82
29 61
53 9
7 25
36 78
74 25
48 26
75 14
22 60
18 64
89 68
58 76
55 3
60 91
3 58
6 98
77 90
95 14
84 36
60 75
36 13
9 95
86 60
97 14
2 97
13 33
24 49
91 34
2 16
66 69
14 77
27 57
63 85
99 52
26 14
46 59
88 31
23 48
69 72
30 69
56 60
1 63
11 15
78 37
21 78
30 8
89 79
95 78
37 58
13 54
19 90
45 90
93 99
99 34
8 12
59 69
38 26
28 32
33 23
32 26
23 88
8 36
75 27
85 21
14 28
68 52
22 15
87 96
31 9
20 5
63 95
39 14
57 46
73 17
43 5
81 96
58 4
48 27
62 2
76 18
22 27
33 38
10 14
85 35
86 50
15 39
69 58
47 55
30 25
61 7
96 8
71 82
95 25
40 64
21 56
8 89
7 70
62 83
18 93
18 2
40 43
76 73
22 36
74 36
78 72
37 7
75 84
9 70
98 36
69 6
27 98
30 20
19 68
1 81
72 1
22 62
11 43
83 71
72 62
83 1
98 47
82 99
80 65
82 88
81 32
18 33
32 90
90 68
89 95
12 65
23 9
52 20
22 38
52 33
59 90
28 61
94 34
7 14
28 40
64 50
71 95
78 92
29 13
57 98
28 6
28 43
93 90
51 43
79 18
80 35
66 41
34 16
53 19
52 21
57 7
66 87
50 93
96 18
5 16
71 39
26 23
74 86
31 82
71 66
68 17
72 13
73 34
31 78
59 77
30 21
61 27
69 27
86 2
79 78
73 14
42 51
55 17
49 55
89 37
2 11
67 15
63 86
23 35
43 27
68 53
77 35
1 20
50 43
35 84
61 12
97 70
94 23
82 42
6 81
47 16
53 66
11 48
97 29
33 46
77 13
93 20
47 61
80 24
75 78
66 73
66 36
81 35
23 52
14 21
81 9
76 91
48 8
49 10
20 62
46 83
33 31
48 98
46 75
37 59
53 86
53 87
31 92
41 61
84 32
85 98
68 67
5 36
33 25
16 85
80 27
68 49
38 46
43 78
69 25
49 61
99 75
3 87
14 11
68 78
2 24
98 58
74 78
12 82
98 15
31 90
22 81
75 59
32 45
87 58
25 75
35 68
40 80
59 27
4 12
9 14
89 57
27 66
17 3
58 81
16 75
29 91
79 16
58 68
80 82
5 83
55 44
41 37
2 44
59 93
54 3
19 88
46 31
53 51
53 28
51 60
88 36
30 27
94 43
10 1
16 74
32 52
74 6
8 88
34 31
44 76
93 2
80 66
36 59
25 5
37 45
36 11
45 70
49 39
55 42
22 3
18 42
71 54
40 7
36 97
21 12
75 98
95 91
79 21
24 50
3 48
49 16
1 87
97 27
39 21
12 6
45 31
94 59
13 61
97 84
26 64
32 65
88 56
96 84
95 18
15 4
97 93
49 17
80 31
23 86
70 69
21 72
36 14
93 13
1 67
13 52
19 24
65 14
1 98
46 30
41 94
49 69
59 43
81 24
74 68
8 65
90 46
88 77
25 57
89 55
69 76
31 36
95 13
83 66
4 20
59 18
9 35
9 29
43 84
5 69
53 65
86 1
80 8
27 84
5 17
10 44
7 39
24 8
10 42
17 79
28 38
44 61
33 74
71 92
36 1
45 76
3 47
18 9
63 59
25 81
13 59
60 52
30 54
17 93
57 63
1 38
96 35
55 32
16 94
17 80
34 21
86 6
47 2
60 69
84 77
39 54
58 89
72 44
93 35
68 46
64 93
86 95
35 71
24 25
76 13
15 76
58 27
18 45
42 84
87 88
9 86
92 44
20 45
17 57
3 39
83 52
10 2
10 35
58 84
40 88
76 82
70 28
4 83
84 19
57 52
40 98
26 86
49 65
34 1
24 62
56 10
98 34
45 43
94 15
59 82
98 25
77 10
32 56
70 66
60 30
9 82
34 88
27 85
93 5
10 41
97 60
20 81
43 7
94 33
7 23
4 57
46 86
88 6
71 50
17 14
12 78
94 13
2 28
88 96
75 91
72 22
58 49
1 2
62 9
14 72
74 21
43 47
56 57
44 52
71 13
78 2
42 62
89 98
41 21
13 1
33 98
78 63
7 91
19 91
60 26
53 24
15 64
82 45
34 95
97 37
37 24
99 6
23 38
29 56
80 18
85 8
9 1
13 80
71 68
64 77
3 61
58 22
24 51
87 54
4 36
90 69
85 20
27 32
96 2
10 3
32 37
64 20
83 74
26 62
7 41
48 9
30 77
6 97
33 69
74 49
97 9
92 6
28 17
18 5
96 43
20 27
16 4
3 84
53 14
88 69
78 50
9 66
92 64
19 65
1 32
82 23
8 29
76 98
85 90
19 86
60 46
4 56
54 59
12 20
97 18
14 38
61 90
69 83
78 34
41 57
70 85
96 99
69 97
33 97
91 59
68 93
73 48
65 56
92 28
19 6
18 23
12 3
56 37
33 29
90 12
22 48
2 50
99 85
66 62
95 62
18 56
45 71
27 50
92 38
45 2
34 14
52 14
37 52
72 92
79 22
96 10
19 59
87 56
68 92
99 71
13 88
62 94
24 17
71 61
72 15
7 73
98 83
79 4
93 44
91 61
21 70
12 27
51 49
23 77
68 73
3 53
86 37
54 26
70 50
47 95
84 73
53 81
61 19
43 65
13 18
26 12
61 51
72 49
22 70
33 91
35 42
52 82
36 77
43 67
96 70
8 74
22 1
51 25
6 52
12 84
13 49
9 51
53 57
66 74
54 9
44 95
38 87
9 84
78 4
52 80
47 65
62 57
69 13
50 20
17 10
12 99
4 42
40 1
59 88
90 43
3 33
19 79
15 56
69 87
98 7
52 16
80 23
98 82
65 44
49 41
13 87
52 88
55 1
93 11
50 56
78 61
56 86
55 57
95 56
32 68
31 8
92 56
98 11
21 25
78 60
30 94
75 7
9 75
30 6
80 79
94 28
24 88
87 76
13 99
51 75
44 82
93 40
75 63
90 23
19 87
37 25
49 33
62 59
72 48
33 55
94 82
76 54
63 73
88 92
91 69
80 1
32 46
84 24
7 66
38 66
36 57
81 79
55 78
56 83
27 19
39 58
20 73
45 53
42 26
22 29
24 23
96 50
3 16
80 54
59 40
11 6
54 92
66 26
55 72
81 46
41 13
49 57
22 32
19 14
97 44
46 50
16 30
24 27
87 82
73 35
51 46
62 61
71 84
27 56
41 18
33 84
54 23
65 79
61 79
17 4
63 41
48 77
4 2
96 75
44 90
5 47
11 34
29 46
41 72
99 39
4 93
29 14
66 55
99 19
78 65
8 55
85 55
42 24
8 61
34 68
66 3
72 67
61 46
70 6
91 6
75 50
96 77
56 64
36 3
45 64
63 12
69 80
36 67
83 77
27 49
78 15
75 43
22 8
33 87
56 5
32 16
48 13
72 39
49 99
78 3
84 45
45 98
26 9
25 79
36 45
34 55
19 72
58 60
98 10
50 87
81 3
6 29
79 41
27 7
28 85
47 23
20 77
88 73
1 11
37 38
21 73
1 3
9 67
13 73
44 51
62 92
47 41
98 87
61 67
98 91
84 15
32 36
95 69
38 5
54 49
60 77
29 98
88 57
59 35
36 46
33 56
1 54
17 41
81 97
49 97
30 11
52 69
79 51
87 16
18 72
74 84
13 26
39 32
43 8
96 67
85 91
32 50
6 14
48 58
21 32
42 90
53 95
18 85
74 13
75 31
60 93
6 35
37 96
26 71
66 96
21 6
74 65
62 53
23 39
56 36
67 40
55 6
62 78
18 24
46 70
98 38
37 22
41 36
39 74
93 61
72 84
8 38
37 19
88 76
20 76
77 42
60 53
77 17
90 47
89 29
50 54
9 85
76 4
80 84
48 24
78 89
15 9
15 70
81 94
52 67
68 63
91 17
38 54
11 84
5 44
4 1
17 59
50 59
78 9
35 76
15 60
55 88
71 98
89 11
34 56
66 21
71 59
71 70
85 95
60 55
45 22
34 17
29 45
32 76
67 50
12 81
18 47
79 24
61 59
45 21
47 87
85 97
54 48
50 15
38 40
42 20
93 39
48 63
95 77
59 76
5 70
43 62
97 82
36 34
77 94
83 92
12 85
81 86
63 32
48 35
53 83
36 89
24 54
73 49
29 81
6 76
3 72
41 6
42 53
64 95
2 74
25 34
48 76
35 19
89 53
44 28
5 14
8 79
63 80
31 71
68 13
28 48
52 74
57 18
58 25
39 46
4 67
47 53
65 31
79 58
87 30
4 25
75 72
54 68
51 15
5 84
97 55
36 87
13 15
10 12
12 33
50 82
42 37
9 28
13 89
24 55
8 2
76 37
4 50
98 30
3 25
15 16
44 56
57 30
2 14
47 59
49 80
97 79
47 56
72 29
33 85
19 10
77 80
