100
459.88 240.09 160.76 368.21 625.84
581.92 148.74 736.29 140.63 185.37
277.48 426.84 490.73 317.27 395.56
368.74 291.10 945.58 300.09 192.90
830.09 771.03 130.79 269.25 83.98
757.80 955.95 669.48 317.67 209.87
386.65 292.70 15.81 608.34 660.03
80.27 127.72 593.84 281.25 116.86
330.76 139.98 991.36 112.95 388.40
533.39 130.61 347.12 182.21 368.03
338.35 660.07 814.10 643.78 413.34
112.75 574.98 263.41 990.99 63.38
792.33 756.41 903.71 806.78 377.04
882.87 926.51 249.21 96.95 280.93
475.13 208.36 93.05 859.39 871.75
385.52 603.01 181.78 930.82 749.85
955.13 171.04 165.04 816.21 296.19
410.92 300.51 483.59 897.06 181.74
175.71 528.55 504.50 124.37 991.55
962.27 159.83 863.37 154.04 147.42
652.72 295.61 564.36 956.91 181.08
506.63 605.66 156.66 876.04 825.07
479.88 252.48 65.52 548.74 219.65
94.99 683.10 231.99 332.00 610.75
565.33 162.13 512.36 122.30 242.64
314.16 236.40 936.81 69.99 868.98
109.00 424.56 912.88 464.72 62.40
358.10 621.66 516.48 24.64 328.58
585.22 843.99 973.48 883.19 417.76
21.64 304.77 915.93 783.86 458.24
174.38 401.81 461.91 620.77 487.88
3.28 742.21 388.70 693.30 822.24
640.56 305.63 556.92 662.14 511.56
842.97 517.38 30.63 813.10 43.36
381.27 651.04 914.57 669.03 504.11
803.76 434.65 301.69 580.65 493.45
678.01 113.97 688.45 786.67 446.96
944.11 892.32 90.16 106.89 917.39
957.89 732.95 151.19 990.73 334.15
995.84 789.94 601.92 780.31 236.75
500.90 380.58 761.97 653.06 909.87
185.45 775.03 639.83 137.80 735.81
867.49 752.15 295.79 557.89 951.88
398.42 553.26 688.47 307.58 812.11
997.06 964.89 238.86 953.34 608.28
852.81 178.49 189.70 879.18 157.85
416.28 759.58 435.21 451.50 788.35
547.68 415.30 126.57 285.74 854.62
68.58 270.79 825.00 26.27 160.82
912.93 395.68 784.12 93.14 330.73
151.30 457.41 188.06 730.81 299.26
334.07 110.86 621.58 441.13 448.50
208.51 480.28 462.64 736.67 944.84
724.55 113.37 149.34 346.30 496.85
793.49 963.99 148.13 936.14 40.61
778.25 30.42 573.97 716.91 433.93
418.84 319.23 155.21 741.90 146.56
540.56 245.22 986.19 548.40 988.90
841.02 125.77 136.52 267.35 40.74
127.42 471.90 376.20 300.93 114.35
636.80 511.35 612.00 213.68 569.93
679.49 595.53 338.01 82.61 561.73
563.37 426.14 746.42 281.98 982.55
358.54 89.90 962.87 626.01 918.68
682.48 154.54 774.91 878.70 732.71
495.62 790.15 780.69 208.16 343.68
866.40 674.41 692.19 548.40 420.20
489.73 629.84 788.01 774.53 350.21
666.68 498.79 665.17 495.87 764.02
68.98 170.38 190.61 254.30 926.74
476.61 958.56 38.98 614.16 188.21
796.83 572.40 527.88 429.29 907.76
261.00 142.31 130.71 824.70 912.03
694.66 467.70 402.23 618.41 794.10
484.61 311.80 593.65 663.16 83.40
650.75 161.54 396.77 142.40 451.38
72.43 551.38 689.85 716.92 378.23
41.84 126.49 661.75 306.62 929.65
341.88 166.39 602.06 628.16 85.68
588.77 923.15 662.65 9.36 531.36
554.19 238.56 152.28 616.51 11.01
68.16 387.10 680.68 413.72 452.99
858.44 839.74 112.33 403.30 459.06
569.56 2.66 783.06 257.62 982.69
492.22 311.90 1.07 254.96 786.97
196.11 105.23 819.33 718.04 105.68
656.29 269.88 815.32 574.21 571.59
20.94 303.63 314.29 321.03 778.90
498.04 162.11 187.48 755.49 262.13
260.09 424.28 722.06 920.59 954.37
812.90 111.19 306.32 72.16 763.47
937.93 978.48 995.57 538.18 197.52
825.79 357.50 453.64 906.90 124.42
518.70 981.19 464.83 129.09 15.30
593.48 264.36 275.80 215.99 508.63
794.10 893.84 28.79 927.78 943.41
559.38 18.71 14.46 48.63 116.86
958.32 295.57 293.29 216.34 349.61
131.60 821.51 771.54 335.13 802.07
787.81 221.61 989.02 466.99 910.65
