12 51
4 40
16 232
4 18
5 32
11 100
8 82
10 61
24 122
5 86
19 56
7 125
3 42
24 8720
8 45
10 62
1 12
17 36
4 62
7 16
4160 1763
10 109
4 38
5 40
9 133
26 323
16 166
3 33
7 101
2 24
19 320
10 177
23 102
3 18
12 45
3 46
22 155
15 76
23 297
24 71
5 84
3728 4108
12 180
5 22
13 208
13 29
25 2349
22 65
4 68
8 115
24 75
13 123
4 51
7 11
14 204
6 14
17 95
25 134
15 225
2052 1880
6 35
6 96
2 26
3 25
23 186
2 30
9 126
13 9
9 119
26 334
24 349
11 9
8 94
5 44
12 126
12 5
19 156
17 255
8 113
17 204
21 207
1 14
2 14
26 259
23 266
13 161
11 63
15 197
17 49
17 179
24 1478
3 49
9187 4528
25 7875
20 97
13 232
10 153
16 77
25 307
16 58
9223 4049
14 190
10 113
17 125
20 98
24 242
21 74
5 20
11 153
11 93
20 218
26 167
4 32
21 31
3410 680
4 43
20 41
9 34
12 41
18 121
9 26
16 177
5632 6355
12 148
24 288
3 12
9 102
20 62
23 20
9754 7526
18 174
11 67
4 19
14 52
25 7206
25 333
4 18
7 8
4 51
10 63
3 36
13 124
6 60
17 237
4251 7373
14 88
19 115
24 145
3 52
16 271
4 53
20 309
6 38
22 268
17 219
5278 8224
20 307
9 135
13 134
13 154
2 9
5 29
23 191
24 20
15 78
20 228
13 88
3288 1985
21 9035
12 83
16 194
8 120
17 37
8160 5311
4 49
2 18
17 285
10 13
4 69
8 71
25 69
15 250
3 33
23 263
1 11
14 51
4 65
163 217
10 137
11 93
21 333
3 24
25 184
14 5
20 105
25 6504
8 5
7 120
20 81
3 45
18 46
17 110
20 229
14 9
26 123
8 67
20 199
4 23
19 107
7 122
11 146
23 1741
8 19
19 215
5 85
9 93
23 53
6509 6162
1639 7770
7 31
6 54
20 711
23 7344
25 12
1 5
1486 4046
8 47
9 30
21 306
9 161
9873 6189
23 165
3 47
3 42
7 24
4 48
10 174
9 94
8 25
17 197
20 36
21 8728
2 28
3 51
7 118
7 107
5 51
3 14
4 56
17 273
19 85
1342 5265
14 27
8 133
1 12
5 61
22 13
23 62
26 64
4 66
17 131
2978 551
19 75
12 16
6451 4442
16 101
3 53
9347 8089
7 124
10 166
14 89
24 778
8 70
19 341
25 62
10 106
3 35
7 85
5 10
16 140
18 285
13 159
25 8884
2 10
26 174
5 42
14 245
25 309
11 130
5 41
19 269
17 184
1663 2281
2 17
17 75
22 233
3904 4624
2 25
21 60
21 28
13 28
25 282
18 242
4 19
23 5
9943 2656
26 94
24 8399
9 125
7 76
23 91
1955 7291
18 21
11 77
13 226
26 154
11 80
19 16
18 280
26 295
11 140
15 248
15 56
25 64
24 282
17 269
26 310
3 12
22 120
4 66
26 278
26 247
11 181
15 37
22 89
8 49
23 112
26 274
15 132
6801 8403
25 227
9 118
1 11
14 222
14 201
18 136
8 57
14 84
10 111
3 33
23 294
13 169
6 41
4847 2432
16 143
7 63
4 68
5 49
7 55
12 195
11 119
19 89
732 8238
21 144
19 281
11 184
1028 4824
13 101
15 217
15 54
22 91
16 168
5 68
7 11
12 203
2270 3959
5 80
18 231
6 69
25 289
24 247
16 49
15 49
12 149
13 23
10 164
11 175
12 202
13 223
2 17
15 14
8 133
13 149
25 93
21 214
23 206
2 31
3870 5838
21 195
9 61
17 132
6 29
3821 4204
18 73
13 44
17 58
1 15
8 48
8 34
15 159
17 283
9 131
10 166
16 54
5254 8439
21 278
3 28
7 123
16 131
14 50
22 222
23 260
23 175
24 7972
24 9715
11 67
19 320
5 67
10 165
23 189
20 61
10 146
1187 2960
9 103
2 31
19 20
5 67
18 100
7 14
2 23
12 41
18 181
7 6
6 13
7627 2007
25 281
6 58
16 119
8 81
17 253
13 115
23 6713
18 122
9 53
2 5
25 90
2 26
9 75
16 120
3 51
3 35
2 31
11 130
1 9
18 16
18 317
22 144
25 5
18 101
4 71
21 320
3451 6111
12 21
21 100
3013 7762
24 86
12 78
26 162
12 31
5 48
11 67
17 27
1 7
2 33
10 125
26 7554
26 1001
5 56
3 31
6 42
3 22
15 196
410 5565
8 29
6230 5358
22 209
11 156
6 76
1 5
13 217
0 0
