50
9
001110000
110110000
000010010
010010011
010111101
001000100
110000101
001100001
010110100
100011101
5
00000
11011
10111
00101
11101
10111
4
0111
1011
0100
0110
1110
16
1001110010001111
1000000101010010
1110110011000111
0001010000011001
1101110111010101
0111111110000101
0111000111101010
1010110001011010
1100100111011100
1000000011000010
0001000101101100
1000101000000010
1011000001111001
0000001000100011
0001010000100100
1010100101110010
1101000111001011
16
1101101001010110
0010100010011100
0010111111011110
0000011110000010
1111101111001111
0110111011010101
0111100011101111
1100110100100001
0110101101111011
0010110011110000
0000100000001111
1101110101010111
1100111010001100
0100001010000110
0110011111010000
0111000101101010
0001110001101111
5
01100
00011
10010
10101
11001
00101
14
11000110000000
10010101111001
01110011110001
11000110001010
10100001100111
00100011011000
11000111001000
11010001100010
00000111101000
01111101111110
11011111101100
11101101011011
01011101101111
10111100010111
00101101001101
10
0101001010
0000000000
1111111001
1111001010
0000111111
0011110011
0001010011
1010011100
1110111011
1111010110
0010001010
10
1000110011
1101000011
1010011001
0011101011
1111101001
0011101111
1001110011
1111001011
1100101100
1001011000
1111011000
15
110111011000110
000001010101101
010001010111111
111100100110001
000000000101011
101111101010001
111011011010111
100010110101011
010011111010111
111000110000110
111100100111110
100000001100011
000010110101000
011011111110111
010110100100000
000101001111100
6
111011
011111
111101
010101
001000
000000
010100
16
1101001001100001
0001000111100101
1010010011100010
1011100000000110
0011010000100110
0110101111101111
1111000000001100
0011001001101101
1011000100100000
1011101111100101
0100011110011001
1000111110101010
1111011010000011
0111101010101101
0100101010101101
1010001000111101
1000101010001101
5
00000
01100
11111
01000
01011
01110
7
0101010
0111001
1011001
1000000
1100110
0010111
1011001
0110101
6
011101
111011
100100
010100
001101
100110
010101
9
010000010
011001010
100100100
111000111
100100110
011011000
001000100
000010111
101001111
100111100
5
10001
01000
11011
00000
01010
00101
10
1011001000
1011110011
1100001001
0111001000
0010000010
0010001110
0000100110
0110001111
0101011001
0001010011
0000111100
13
1100000010110
1100011100101
0011101111000
1111000011000
1011111001011
0111111010010
0000011010010
0011001010001
0111001000110
1110000011000
0110010101110
1001001101011
0010100110011
1110110000101
16
1110101000000000
0110010100000111
0011100100101101
0100111101111110
0001111110101001
0000111100011110
0011000100000000
0110001001010100
0101110111100101
1100101101111101
0010110010011010
1101100110111110
0010111010010010
0000110011111111
1001110010100011
0101001000001010
0011001100010001
14
01011010101100
10111100111111
00011011111001
11101101000110
01100100110010
00101001101101
10110000101011
11101011100110
00001010101011
10111110001010
00100110101011
11011000011000
01001001010100
10111011100100
11011101010101
9
110101111
111011000
110111101
000001001
011110001
100000011
100110001
001000100
011101010
011011000
4
1101
1011
0010
0101
1100
15
010010010110010
111111010101111
111010101110111
101110011100011
010010100101001
000001111101011
001100000011000
110010111000010
011011101001111
001101101011000
100000110001001
100100110111010
001011010100001
000101000000111
000110001110000
101101001110000
4
1000
0001
0110
0000
1100
15
111111101001011
110001000101001
011000101101011
001100011100110
110111000101010
010111001110001
001000111110100
100111101101000
000100001110101
100001010000100
101010100011101
111100011001110
100101111011000
101111010100100
100100110011001
110111010000000
10
0000010010
1010000100
0001100001
0001100011
0111100001
0100010111
1110111011
1010101100
1010011000
0101001010
0001110101
13
1011111101000
0000011010000
1110101110111
0111011110010
1010111000001
0110001111000
0000001100000
1110001001011
1110001100011
0111111000101
1000100001000
1111100101011
0001010101111
1101111010110
5
01001
01111
11100
01010
01011
11100
6
111110
100011
011101
010111
111111
010001
000011
8
00110010
01001110
11000110
00011110
00110011
01010111
11011100
00101000
00111110
15
110000110111110
011011010000010
010100100100000
110100011110011
010010011001000
010001101000010
000010101101000
111110001110011
000110001101111
001001110111111
001100100100111
010010101100000
001110110001011
111001110110001
000001101101010
100110000011111
5
11011
11001
00100
10000
00000
01110
8
11101001
00000001
10000001
10011001
01001000
10011100
01111100
11011100
00001111
16
1010101101101001
1000011011010101
1000100000010111
1000100101001011
1101001110000000
0001000101011010
0111111001000110
1100100011010001
1011100001110110
1011011111111001
0000001001000000
1110001001010111
0010110111111110
0011000011110001
0111011011101101
1001100101011110
0101010110111100
5
00011
01011
10000
11111
11000
01110
8
10011110
01111010
00111100
10000111
00000001
00011101
10111000
00001101
00000000
16
0000101000100000
0101001000110010
0001000111111000
1010101001100111
0111001101001101
0011011011011100
1001100001000000
1010010101100001
0110010110010001
1110111010100100
1100111110010111
1110011111111011
0111011101110110
1010110110110011
0101100011011111
0110100000111111
0101001000111101
11
01001101010
10000001011
01111000110
00110000010
01011110110
00011111001
10001111010
10001010100
01110100010
00101110110
11000001101
10010000110
8
10111101
00000101
10010001
11011010
01000001
01011000
11011011
11110100
01011101
12
010000110111
100100100111
001011101010
100110110000
111000010000
110111100111
011111110010
101110010111
111010000111
010011001101
111111111110
001000011101
001100101000
16
1111001011001000
0101011111010110
1011101110101100
0110100001010100
0000011111010001
1000111011011010
0011100101001101
1011011011101110
0110101000100011
0010110101001111
0000001100101100
0000001111101011
1010011010110000
1010100110111000
0101011100011010
0110000001010110
0101111111110001
6
011001
000011
111110
110010
100011
100111
110110
15
111000000000100
011000110010000
110010000011101
111011100000110
001110000100100
110110001101001
010011000010010
100100111000001
011100110111010
110100010110110
010001101110111
010100101010110
010001100110011
000100110110011
101001100001100
001100000101010
4
0010
0000
1111
0101
0100
11
11001110001
11000101001
00010110010
10110101110
01101010010
11011010110
11001001001
00000011100
10010100000
00000010101
10111001011
00010001001
5
11001
00001
00100
00010
11111
11001
13
1110111100000
0111100100011
0000011110110
1111000001111
0100011011010
0100001111001
1011011010101
0000110111001
1010100101000
0010101000110
0010011010011
1111100000000
0100111000001
1010110110010
6
111111
010111
110110
110110
111000
101000
100010
11
00011010010
11111100001
11101110010
11011000111
11110010110
01011111100
00101101110
00000100001
10110100011
01101110000
11110100100
10101110101
