20
54 51
15 49 64
1 30 77
4 34 99
47 42 21
29 53 84
6 27 8
30 35 86
11 39 17
16 11 78
47 50 69
52 51 65
54 17 100
1 15 50
19 37 49
14 10 14
41 38 96
49 23 44
8 12 88
24 21 94
7 46 13

31 29 68
19 20 39
7 25 75
8 52 20
17 26 9
29 28 38
50 33 4
12 54 93
7 36 62
33 40 27
14 5 92
6 22 36
5 45 5
16 24 57
36 8 63
14 6 6
15 19 72
27 9 43
7 3 29
33 4 55
53 44 95
38 43 48
15 47 52
21 14 53
17 2 89
19 13 59
7 32 70
51 18 66
38 48 2
18 31 26
10 41 80

5
29 36 43442
16 8 74239
27 12 98668
49 42 12626
14 2 12791
46 45
14 18 54
31 12 26
45 40 3
33 22 5
38 39 67
11 26 25
36 35 44
25 32 37
34 45 94
33 2 100
37 14 59
1 25 48
32 6 30
28 43 93
5 44 84
18 42 27
21 37 66
39 29 40
25 33 76
17 24 16
28 34 52
15 46 7
43 23 49
8 38 90
34 20 57
17 5 23
11 28 39
34 8 41
39 10 36
18 7 87
33 4 63
6 15 73
31 41 62
38 9 91
27 19 53
43 36 81
24 13 61
21 16 51
25 3 75
39 27 88

28 21 31
30 11 45
30 17 24
25 30 12
5 31 21

8
8 9 63163
16 44 23667
1 37 18074
3 26 71326
31 13 9349
37 38 61949
20 41 54012
2 16 33813
94 93
63 36 54
91 71 81
19 81 67
12 70 93
22 44 55
38 28 83
71 21 85
94 82 64
93 73 61
90 18 63
38 54 18
44 35 16
1 56 39
18 84 73
62 9 71
23 50 65
67 66 80
37 33 76
37 15 69
41 63 91
71 92 5
88 58 23
50 32 52
73 11 20
81 26 13

7 52 35
55 40 43
71 34 22
31 83 98
7 22 75
63 20 51
34 8 37

51 37 68
8 79 19
57 2 58
27 48 12
63 80 78
6 19 70
58 31 10

72 47 14
73 3 94
78 55 53
26 62 11
82 76 26
67 7 4
63 53 30
71 60 79
66 45 89
19 23 62
19 38 84
59 16 8
73 61 45
3 24 33
6 72 90
15 94 15
43 90 1
13 59 57
52 65 2
14 75 27
51 12 24
1 91 72
38 30 50
22 43 97
15 57 6
65 85 28
25 42 49

44 29 86

37 88 77
77 41 87
69 5 3
9 51 56
81 14 92
20 89 25
81 74 32
36 49 34
60 68 31
78 67 88
68 4 100
5 39 42
16 86 82
54 77 47
89 46 95
51 78 29

61 6 48
34 93 60
41 10 96

69 17 9
70 69 46
14 64 7
61 27 17
73 87 74
45 13 38
16 25 66

11
16 75 81550
83 79 27450
88 45 46445
83 24 23946
58 94 21038
37 40 45386
17 44 43691
65 6 2837
7 40 61647
6 18 52683
53 21 38151
44 42
40 41 86
1 29 23
24 2 70
20 11 12
7 25 6
4 13 34
12 40 68
29 24 29

25 5 47
16 17 60
23 19 73
26 9 20
38 36 48
39 16 36
44 26 50
13 3 2
2 12 24
8 28 84
41 21 31
9 31 89
27 6 53

16 23 28
25 27 91
44 7 93
25 32 33
9 22 14
4 33 81
12 35 83

21 37 90

36 34 3
43 42 1
5 20 38
14 8 61
26 38 56
3 30 96
5 14 79
34 18 35
15 43 64
29 44 15
21 15 58
20 39 85
2 4 8
10
23 18 70446
31 37 57062
13 20 964
25 30 17465
25 8 83705
43 21 46827
25 36 78453
38 43 72623
30 18 85015
39 17 90370
34 32
14 17 41
16 12 75
33 11 5
20 19 17
34 16 83
25 6 2
29 21 13
13 8 70
18 13 10
3 32 97
29 3 9
27 5 93
33 34 85
34 7 64
7 24 24
12 20 78
27 30 96
22 9 58
22 25 81
18 22 54
23 28 73
3 18 36
9 2 3
15 27 27
1 26 25
6 15 22
11 23 89

26 29 47
29 31 67
34 4 37
1 10 57
32 14 20
10
11 27 57915
10 25 94920
13 4 56389
2 16 95554
11 33 3757
29 32 3353
34 23 25258
23 28 61908
32 27 9518
9 10 54642
13 11
6 8 26
10 13 13
1 6 3
8 11 65
12 7 74
3 10 54
11 9 20
13 5 72
9 3 24
11 2 90
13 12 67
18
3 6 55169
6 8 87093
7 12 38624
5 11 97450

12 10 57901
10 1 54650
11 2 58428
2 3 27634
10 4 21350
2 3 7369
1 11 14224
2 12 86617
9 1 93073
5 9 44064
11 13 77897
2 9 45686
11 12 99804

5 8 50240
65 63
8 20 26
42 33 46
31 58 66
64 35 87
64 12 70
29 65 95
38 51 18
34 25 47
43 8 68
53 34 54
64 23 65
38 32 90
10 64 75
35 6 94
26 61 14
33 39 44
9 15 12
38 37 74
40 10 60

52 41 72
1 3 31
31 2 27
12 16 56
14 9 1
40 19 29
6 30 39
47 60 49
46 22 89
43 27 73

65 59 19

33 18 96
16 57 41
40 13 15
18 28 58
42 17 82
29 55 8
17 49 13
7 46 33
28 4 7
1 43 30
7 48 20
12 47 78
38 14 77
34 31 71
44 29 79
19 62 5
40 63 86
63 56 57
60 54 38
27 40 61
61 24 43
51 7 6
57 45 2
14 36 85
54 11 32
6 52 99
42 21 50
62 53 40
4 44 93
1 38 59

8 5 25
44 50 42
50 26 37
12
18 15 16336
24 14 81081
38 29 17736
18 56 37779
61 51 8719
6 56 29187
63 6 90346
37 27 920
2 5 79453
56 40 92809
6 4 78575
2 61 26657
14 12
13 10 63
2 7 28

14 11 36
8 14 15
1 4 44
2 9 70
1 13 73
13 6 1
5 8 56
7 5 58
1 12 80
4 3 96
16
9 3 56792
11 7 62801
6 2 19822

3 5 83769
14 5 13496
9 2 7353
6 10 80413
6 13 97478
1 10 12344

10 5 33829
1 9 36957
8 12 17889
4 6 38987

13 5 61074
5 13 78418
11 1 49751
75 72
48 17 22
71 27 27
18 30 66

19 52 67
67 19 34
74 8 74
72 35 21
22 3 5
31 41 63
71 38 64

62 65 30
28 50 94
24 9 69
13 56 53
73 20 18
8 58 17
56 31 77
50 48 76
71 44 24
52 39 56
11 69 68
49 45 93
63 23 80
12 54 26
3 40 42
13 34 37
43 32 11
22 5 91
52 22 82
3 55 1
33 47 9
67 42 71
68 71 70
17 62 60
24 15 23
12 4 59
6 66 96
6 73 78
47 53 14
58 33 54

3 11 15
58 37 57
63 72 81
36 7 75
32 21 20
34 18 84
32 74 52
10 57 43
48 70 86
14 28 95

67 2 98
39 26 46
60 68 50

53 59 4
68 63 61
41 10 28
42 60 32
34 75 48
53 13 49

20 24 58
69 14 79
37 67 72
1 64 99
1 43 3
43 25 7
50 51 8
60 12 38
25 46 51
42 29 100
48 6 89
66 36 16
73 16 12
7
2 56 10001
54 35 59469
31 73 97576
54 75 89880
61 44 15873
23 52 8506
60 55 13732
15 14
5 4 42
6 9 58
4 10 23
5 12 25
7 13 75
14 5 92
13 3 60
1 7 74
9 14 50
2 8 13
1 6 71
12 15 49

1 2 31
15 11 78
8
13 6 54673
4 3 59346
9 4 7939
2 3 35589
12 2 93758
3 11 21616
7 9 29824
13 3 78241
19 17
15 8 26

2 9 80
19 10 52
11 19 41
9 18 18
6 2 63
1 6 9

13 7 8
7 4 47
3 5 58
18 3 7
2 15 83
4 14 12
4 16 22
1 11 69
18 13 40
9 17 34
16
11 16 7740
11 1 39981
5 11 47847
12 15 45370
2 9 1032
8 17 62348
3 1 27045
1 4 81822
9 4 56613
2 15 14905
5 3 35649
15 5 19225
2 10 400
5 19 55269
12 16 37009
6 10 22245
27 26
21 24 17

3 12 11
1 3 44
6 9 47
8 17 43

18 23 25
9 15 46
19 27 51
18 4 12
6 8 29
4 19 49
15 18 5
11 10 69
6 7 36
10 25 73
9 5 74
8 13 90
11 6 14
12 2 86
18 20 60
18 26 66
22 11 81
20 14 35
24 22 21
3 21 20
19 16 67
19
9 16 75321
14 5 5951
8 3 35670
24 22 59006
21 12 68465
16 13 51383
20 16 70453

2 11 32274

16 4 6570
5 9 80284
20 19 61253
26 9 78918
17 18 12276
17 21 15381
13 24 67937
16 4 65702
25 21 12375
17 26 55314
5 22 25713
64 61
8 56 39
22 13 87
60 38 65
43 48 1
62 40 45
53 17 81
53 39 32
41 23 26
14 42 62
12 53 12
2 32 31
41 61 15
20 49 86
25 14 70
19 15 95
33 54 29

45 4 60
55 29 83
21 43 90
6 45 64
15 10 63
61 11 20
41 28 82
14 57 74
60 35 71
36 51 24
34 30 44
55 8 50
1 55 13
16 44 66
13 18 55
3 64 79
29 20 17
59 21 58
58 24 40
12 37 69
27 3 99
58 22 34
22 2 53
38 26 43
53 16 76
21 7 80

27 50 88
8 25 78
12 27 11
35 34 94
39 47 52
18 63 4

28 19 14
5 36 36
61 46 67
49 62 51
35 52 84
21 6 68
27 60 42
48 33 28
62 9 72
22 41 98
30 5 46
39 31 7
42 58 85
11
8 39 17576
17 53 47583
10 30 45421
27 25 81671
9 35 95922
28 24 47600
6 58 55251
28 33 36037
15 52 53564
2 13 7155
18 49 28689
56 54
9 35 93
31 2 8
17 37 56
41 45 6
41 8 37
18 53 41
51 46 70
55 11 36
24 36 48
50 33 50
37 54 79
13 24 76
31 38 3
41 5 86
53 29 31

26 47 87
13 42 100
7 15 55
20 50 85
35 52 74
3 16 27
42 7 96
29 9 15
5 49 95
46 18 17
25 4 61
9 13 49
56 48 91

6 40 57

4 39 64
26 22 77
39 44 88
2 19 19
48 55 38
33 43 73

47 30 83
15 20 4
18 14 21
20 21 66
55 27 24
33 25 43
45 26 29
12 6 47
1 17 54

17 12 20
2 32 35
51 10 82
17 31 71
30 56 5
3 23 28
23 41 58
32 3 53
48 28 92
40 51 97
8
14 28 64641
21 56 25883
24 52 71222
17 39 5209
46 25 61145
30 37 93849
4 5 71846
2 35 39014
95 92
35 57 85
73 70 55

91 44 37
54 69 68
90 64 95
36 15 56

29 60 15
25 54 100
77 10 17
1 23 89
95 83 94
8 46 48
41 72 74
30 9 62
47 18 96
64 35 88
59 51 72
52 36 40
76 12 61
74 29 52
70 48 11
69 33 54
33 6 60
26 53 19
24 49 83
49 32 5
36 78 42
65 67 4
92 86 80
91 17 90

95 14 2
41 28 9
6 27 44

50 89 22
5 41 47
51 68 21
4 47 6
20 71 8
87 37 64
80 75 84
79 92 49
57 11 66
52 31 14
2 52 79
9 50 73
89 21 38
4 88 93
87 43 75
6 4 31
48 7 53
19 95 1

23 24 30
66 20 77
16 40 16
46 90 13
36 81 51
34 63 87
8 34 50
13 16 43
39 87 20
53 74 63
18 55 18
57 61 27
53 30 12
18 42 29
32 73 7
23 82 45
49 22 10
73 62 35
24 79 86
51 65 26
72 59 92
83 91 25

40 39 91
50 84 32
37 25 99
18 5 98
72 77 71
52 45 70
44 2 65
43 19 76
72 8 28
77 93 78
50 58 81
58 38 23
80 3 34

34 94 97
59 66 33
92 13 69
37 56 59
69 76 67
56 80 24
7
32 87 29737
9 74 70288
7 68 62212
40 54 81940
94 7 15566
3 55 59377
67 71 14228
70 67
64 44 96
50 4 89
22 28 10
69 57 67
33 58 16
45 37 2
2 45 87
43 11 56
50 13 31
50 39 1
46 65 66
43 46 33
18 10 76
47 68 93
69 52 11
39 67 12
12 61 21
5 62 53
56 30 42
27 40 34
5 63 44
40 24 88
50 19 48
36 9 64
49 14 98
52 48 82
12 53 29

25 64 47
60 70 74
41 59 97
18 8 23
9 34 60
49 66 61
55 2 100
62 18 45
19 7 75
68 50 7
7 15 99
48 6 28

49 26 6
52 47 95
14 31 59
70 43 36
67 23 22
54 21 52
4 35 8
15 55 46
70 20 65
30 41 26
6 16 32
8 51 58
47 3 86
57 60 27
39 29 55
29 22 62
8 36 50
20 54 94
67 5 49
52 32 38
1 69 35
24 17 63
2 25 43
38 12 80
52 27 92
6 42 39
29 38 3

8 56 37
15
25 23 33327
47 25 82721
38 41 90572
45 13 98678

12 10 70918
23 6 17695
13 17 29609
25 16 38508
7 23 53124

25 50 98325
65 64 25508
18 30 54556
7 18 15507
63 40 90504
2 26 12579
35 32
2 17 2
17 19 23
19 32 72
22 31 41
4 24 20
12 16 50
14 15 44
9 18 9
26 34 58
6 27 51
1 6 73
2 4 75
21 3 56
30 21 90
32 10 92
20 7 47
25 5 79
19 22 97
7 12 5
1 29 68
24 20 85
30 8 86
1 26 48
9 35 24
24 33 67

33 28 17
26 13 35
1 2 99
19 25 14
24 11 78
7 9 94
18 14 8

14
3 28 52510
10 8 71943
23 19 58477
18 16 95800
6 15 9758
6 13 67185

14 34 88850
24 20 97857
13 12 24471
5 18 88239
32 3 6499
27 2 19739
14 19 37805
26 21 26261
28 27
2 25 69
11 7 31
7 2 61
23 13 3
22 17 60
11 10 94
18 6 50

11 27 55
18 28 48
24 8 32
2 26 41
20 21 42
12 15 1
15 5 93
11 12 75
17 14 39
14 24 58
7 19 79
23 4 89
20 11 11
17 20 38
16 9 47
1 18 29
6 22 34
16 23 99
10 3 25
26 16 74
13
23 17 39587
16 9 72872
2 14 26194
2 15 64374
9 10 39192
14 15 96812
18 10 32734
22 6 76975

7 8 26733
13 24 48631
2 6 60499
24 11 7983
13 17 22131
69 67
64 62 18
57 63 36
8 15 85

67 50 94
42 2 15
53 56 27
1 47 96
18 39 11
7 19 93
40 11 84
47 32 81
63 28 71
20 51 88
59 34 91
66 46 60
23 30 28
9 8 87
47 57 26
33 14 14
10 66 42
54 52 47
8 40 75
55 58 23
11 54 17
34 48 52
30 35 54
68 18 30
61 36 44
1 22 67
67 27 70
1 68 82
1 55 55
37 24 100
23 7 22
56 61 51
18 69 13
26 20 9
21 64 31
47 12 38
56 42 48
35 49 34
66 53 7
24 41 98
28 33 68
40 37 76
4 38 80
68 65 12
16 26 95
8 10 61
27 31 58
35 60 8
56 23 46
62 6 16
51 44 33

35 5 53
33 43 40
45 13 73
47 29 49
44 25 21
43 16 20
14 45 39
3 67 99
18 4 37
25 17 5
28 21 97
36 3 29
56 59 45
7

32 45 66760
63 1 46033
10 16 32400
15 9 23732
37 41 42718
24 46 59261
2 25 45404
67 66
52 38 73
61 34 75
15 28 72
52 21 35
36 20 61
21 2 81
16 57 62
65 54 9
58 65 50
42 22 49
36 59 1
57 44 63
59 41 7
13 53 69
55 7 48
33 23 85
29 35 38
46 13 88
61 40 82
17 18 87
9 64 68
48 11 51
40 39 3
30 19 54
53 3 58
28 5 60
17 66 47
42 33 18
7 37 45

62 4 66
65 14 15
55 49 6
45 51 8
9 50 40
61 47 44
26 43 22
17 16 29

20 9 98
3 12 74
37 36 39
39 31 92
62 56 14
3 27 57
39 24 67
38 62 89
9 32 78
8 30 17
1 29 65
25 26 20
7 60 83

5 63 4
8 15 86
8 46 84
25 6 93
19 42 28
29 45 10
44 55 32
8 52 53
31 10 77

14 48 41

35 17 70
49 67 55
44 58 91
35 8 79
65 61 13
52 25 30

7
17 37 97863
9 24 93943
41 24 53837
2 47 77818
25 60 29610
41 63 46462
51 42 64352
